1 0 0 -80.8 15.69 -70.0 -15.0 -0.0 0.37 25.84 -59.73 33.89 -0.37 -0.0 0.37 25.84 -59.73 33.9 -0.37 -80.8 -14.31 70.0 15.0 0.0 0.0
1 0 0 -80.8 15.69 -70.0 -15.0 -0.0 0.37 25.84 -59.73 33.89 -0.37 -0.0 0.37 25.84 -59.73 33.9 -0.37 -80.8 -14.31 70.0 15.0 0.0 0.0
1 0 0 -87.83 12.81 -69.33 -17.63 0.18 0.31 23.13 -53.24 30.39 -0.3 -0.14 0.38 22.36 -53.51 31.41 -0.25 -75.51 -11.71 77.0 21.96 0.0 0.0
1 0 0 -94.56 10.12 -68.7 -20.1 0.35 0.25 20.3 -46.21 27.1 -0.23 -0.26 0.4 19.09 -47.67 29.06 -0.14 -70.55 -9.28 84.02 28.94 0.0 0.0
1 0 0 -100.0 7.94 -68.2 -22.09 0.49 0.2 18.28 -39.38 24.45 -0.17 -0.36 0.41 16.46 -42.98 27.18 -0.05 -66.56 -7.31 91.04 35.94 0.0 0.0
1 0 0 -104.29 6.23 -67.8 -23.65 0.6 0.16 16.75 -33.77 22.37 -0.13 -0.44 0.42 14.39 -39.28 25.7 0.02 -63.42 -5.76 97.14 42.95 0.0 0.0
1 0 0 -107.66 4.88 -67.49 -24.89 0.69 0.13 15.55 -29.32 20.74 -0.1 -0.5 0.43 12.76 -36.38 24.53 0.07 -60.95 -4.55 102.04 49.97 0.0 0.0
1 0 0 -110.31 3.81 -67.24 -25.86 0.76 0.11 14.61 -25.83 19.45 -0.07 -0.55 0.43 11.49 -34.1 23.62 0.11 -59.01 -3.59 105.89 56.99 0.0 0.0
1 0 0 -112.39 2.98 -67.05 -26.62 0.81 -1.87 13.88 -23.09 18.35 1.63 -0.59 -0.22 10.48 -32.31 24.55 2.3 -57.49 -2.84 108.92 63.78 0.0 0.0
1 0 0 -114.03 2.32 -66.9 -27.21 0.85 -3.72 13.3 -20.93 17.47 3.22 -0.62 -0.83 9.7 -30.9 25.54 4.35 -56.3 -2.25 111.3 69.37 0.0 0.0
1 0 0 -115.31 1.8 -66.78 -27.68 0.88 -5.21 12.85 -19.24 16.78 4.49 -0.64 -1.31 12.94 -37.94 27.29 5.99 -55.36 -1.79 113.17 73.79 0.0 0.0
1 0 0 -116.32 1.4 -66.68 -28.05 0.91 -6.38 12.5 -17.91 16.24 5.5 -0.66 -1.7 15.83 -44.97 28.81 7.28 -54.62 -1.43 114.64 77.28 0.0 0.0
1 0 0 -117.11 1.08 -66.61 -28.34 0.93 -7.3 11.97 -16.87 15.81 6.29 -0.67 -2.0 18.28 -52.0 30.02 8.3 -54.04 -1.14 115.79 80.01 0.0 0.0
1 0 0 -117.73 0.83 -66.55 -28.57 0.94 -8.03 10.89 -16.06 15.48 6.91 -0.69 -2.24 19.96 -59.03 30.97 9.1 -53.59 -0.92 116.7 82.16 0.0 0.0
1 0 0 -118.22 0.64 -66.51 -28.74 0.95 -8.59 9.23 -15.41 15.21 7.39 -0.69 -2.43 20.88 -66.06 31.71 9.73 -53.24 -0.75 117.41 83.84 0.0 0.0
1 0 0 -118.6 0.49 -66.47 -28.88 0.96 -9.04 6.81 -14.91 15.01 7.77 -0.7 -2.57 20.97 -73.09 32.3 10.22 -52.96 -0.61 117.97 85.16 0.0 0.0
1 0 0 -118.9 0.37 -66.45 -28.99 0.97 -9.39 7.17 -14.51 14.85 8.07 -0.71 -2.69 18.55 -80.1 32.76 10.6 -52.73 -0.5 118.4 86.2 0.0 0.0
1 0 0 -119.14 0.27 -66.43 -29.08 0.98 -9.67 7.95 -14.2 14.72 8.31 -0.71 -2.78 16.11 -87.1 33.12 10.91 -52.56 -0.41 118.75 87.02 0.0 0.0
1 0 0 -119.32 0.2 -66.41 -29.15 0.98 -9.88 8.63 -13.96 14.62 8.5 -0.71 -2.85 14.13 -94.11 33.41 11.15 -52.43 -0.35 119.02 87.66 0.0 0.0
1 0 0 -119.47 0.14 -66.39 -29.2 0.99 -10.05 11.64 -12.22 13.25 8.64 -0.72 -2.52 7.12 -101.05 26.59 9.12 -52.32 -0.29 119.23 88.16 0.0 0.0
1 0 0 -119.58 0.09 -66.38 -29.24 0.99 -10.18 14.37 -10.62 11.98 8.75 -0.72 -2.2 0.44 -107.07 19.74 7.18 -52.24 -0.25 119.39 88.56 0.0 0.0
1 0 0 -119.67 0.06 -66.37 -29.28 0.99 -10.29 16.56 -9.34 10.96 8.84 -0.72 -1.94 -5.0 -111.93 12.84 5.58 -52.17 -0.22 119.52 88.87 0.0 0.0
1 0 0 -119.74 0.03 -66.37 -29.3 0.99 -10.37 18.28 -8.33 10.16 8.91 -0.72 -1.74 -9.29 -115.78 5.9 4.28 -52.12 -0.2 119.62 89.11 0.0 0.0
1 0 0 -119.8 0.02 -66.36 -29.32 1.0 -10.43 19.63 -7.54 9.53 8.97 -0.72 -1.59 -12.66 -118.82 -0.2 3.25 -52.08 -0.18 119.71 89.3 0.0 0.0
1 0 0 -119.84 -0.02 -66.36 -29.34 1.0 -10.48 20.7 -6.92 9.03 9.01 -0.73 -1.46 -15.31 -121.22 -5.11 2.42 -52.05 -0.16 119.77 89.45 0.0 0.0
1 0 0 -119.88 -0.03 -66.36 -29.35 1.0 -10.52 21.53 -6.43 8.65 9.05 -0.73 -1.37 -17.39 -123.1 -9.0 1.76 -52.02 -0.15 119.82 89.57 0.0 0.0
1 0 0 -119.9 -0.03 -66.35 -29.36 1.0 -10.56 22.18 -6.04 8.34 9.07 -0.73 -1.29 -19.03 -124.58 -12.08 1.25 -52.0 -0.14 119.86 89.66 0.0 0.0
1 0 0 -119.92 -0.04 -66.35 -29.37 1.0 -10.58 22.7 -5.74 8.1 9.09 -0.73 -1.23 -20.31 -125.75 -14.5 0.85 -51.99 -0.13 119.89 89.73 0.0 0.0
1 0 0 -119.94 -0.05 -66.35 -29.38 1.0 -10.6 23.1 -5.5 7.91 9.11 -0.72 -1.18 -21.32 -126.66 -16.4 0.55 -51.98 -0.13 119.91 89.79 0.0 0.0
1 0 0 -119.96 -0.05 -66.35 -29.38 1.0 -10.61 23.42 -5.32 7.77 9.12 -0.72 -1.14 -22.11 -127.38 -17.89 0.34 -51.97 -0.12 119.93 89.84 0.0 0.0
1 0 0 -119.97 -0.05 -66.35 -29.38 1.0 -10.63 23.67 -5.17 7.65 9.13 -0.73 -1.11 -22.73 -127.94 -19.06 -0.25 -51.96 -0.12 119.94 89.87 0.0 0.0
1 0 0 -119.97 -0.06 -66.35 -29.38 1.0 -10.64 28.25 -4.02 1.46 9.14 -0.73 -1.09 -23.22 -128.38 -19.99 -0.29 -51.95 -0.11 119.96 89.9 0.0 0.0
1 0 0 -119.98 -0.06 -66.35 -29.39 1.0 -10.64 32.52 -2.97 -5.57 9.15 -0.73 -1.08 -23.6 -128.73 -20.71 -0.32 -51.95 -0.11 119.97 89.92 0.0 0.0
1 0 0 -119.98 -0.06 -66.35 -29.39 1.0 -10.65 35.95 -2.12 -12.61 9.15 -0.73 -1.06 -23.9 -129.0 -21.28 -0.36 -51.95 -0.11 119.97 89.94 0.0 0.0
1 0 0 -119.99 -0.06 -66.34 -29.39 1.0 -10.65 38.65 -1.45 -19.3 9.16 -0.73 -1.05 -24.14 -129.22 -21.72 -0.4 -51.94 -0.11 119.98 89.95 0.0 0.0
1 0 0 -119.99 -0.06 -66.34 -29.39 1.0 -10.65 40.77 -0.92 -24.79 9.16 -0.72 -1.04 -24.32 -129.39 -22.08 -0.44 -51.94 -0.11 119.98 89.96 0.0 0.0
1 0 0 -119.99 -0.06 -66.34 -29.39 1.0 -10.66 44.7 -7.95 -29.12 9.16 -0.72 -1.03 -17.31 -122.43 -22.35 -0.47 -51.94 -0.11 119.99 89.97 0.0 0.0
1 0 0 -119.99 -0.07 -66.35 -29.39 1.0 -10.66 44.73 -14.98 -32.53 9.16 -0.73 -1.03 -10.31 -115.52 -22.56 -0.5 -51.94 -0.11 119.99 89.98 0.0 0.0
1 0 0 -119.99 -0.07 -66.35 -29.39 1.0 -10.66 41.61 -22.02 -35.2 9.17 -0.73 -1.03 -3.34 -108.64 -22.72 -0.52 -51.94 -0.11 119.99 89.98 0.0 0.0
1 0 0 -120.0 -0.07 -66.35 -29.4 1.0 -10.66 35.96 -29.05 -37.31 9.17 -0.73 -1.02 3.62 -101.81 -22.85 -0.54 -51.94 -0.1 119.99 89.99 0.0 0.0
1 0 0 -120.0 -0.07 -66.34 -29.4 1.0 -10.66 28.94 -36.08 -38.95 9.17 -0.73 -1.02 10.58 -94.96 -22.95 -0.56 -51.93 -0.1 120.0 89.99 0.0 0.0
1 0 0 -120.0 -0.07 -66.34 -29.4 1.0 -10.67 22.27 -43.11 -40.25 9.17 -0.73 -1.02 17.51 -88.15 -23.04 -0.57 -51.93 -0.1 120.0 89.99 0.0 0.0
1 0 0 -120.0 -0.07 -66.34 -29.39 1.0 -10.67 15.26 -50.14 -41.27 9.17 -0.72 -1.01 24.45 -81.34 -23.1 -0.58 -51.93 -0.1 120.0 89.99 0.0 0.0
1 0 0 -120.0 -0.07 -66.34 -29.39 1.0 -10.67 8.26 -57.18 -42.07 9.17 -0.72 -1.01 31.38 -74.53 -23.15 -0.59 -51.93 -0.11 120.0 89.99 0.0 0.0
1 0 0 -120.0 -0.07 -66.35 -29.39 1.0 -10.67 1.47 -64.21 -42.7 9.17 -0.73 -1.01 38.32 -67.71 -23.19 -0.6 -51.93 -0.11 120.0 90.0 0.0 0.0
1 0 0 -120.0 -0.06 -66.35 -29.4 1.0 -10.67 -4.19 -71.24 -43.19 9.17 -0.73 -1.01 45.27 -60.88 -23.23 -0.6 -51.94 -0.11 120.0 90.0 0.0 0.0
1 0 0 -120.0 -0.06 -66.35 -29.4 1.0 -10.67 -8.65 -78.28 -43.58 9.17 -0.73 -1.01 52.24 -54.02 -23.26 -0.61 -51.94 -0.1 120.0 90.0 0.0 0.0
1 0 0 -120.0 -0.07 -66.34 -29.4 1.0 -10.67 -12.15 -85.31 -43.88 9.17 -0.73 -1.01 59.21 -47.14 -23.28 -0.61 -51.93 -0.1 120.0 90.0 0.0 0.0
1 0 0 -120.0 -0.07 -66.34 -29.39 1.0 -10.67 -14.91 -92.34 -44.12 9.17 -0.73 -1.01 66.2 -40.25 -23.29 -0.62 -51.93 -0.1 120.0 90.0 0.0 0.0
1 0 0 -113.75 3.07 -67.0 -26.8 0.67 -7.64 -25.05 -95.53 -37.1 6.43 -0.73 0.83 63.88 -47.27 -16.27 -2.14 -58.06 -2.43 112.98 83.0 0.0 0.0